1262
0,0
10000000,0
10222464,131
10343382,217
10697043,515
10766422,589
11258707,1169
11308224,1244
11670968,1818
11760185,1976
12070241,2563
12159644,2751
12336633,3166
12582721,3613
12688537,3873
12789257,4119
13160084,5038
13258487,5278
13625752,6183
13677609,6309
13735970,6455
13803325,6617
13867621,6777
13920108,6905
14336456,7939
14471945,8257
14639838,8792
14716638,8980
14787232,9075
14907954,9505
15273785,10411
15376145,10660
15500232,10960
15569896,11123
15745885,11553
15887894,11893
16161204,12583
16196647,12660
16558942,13450
16595773,13527
16959696,14304
16994435,14377
17361862,15166
17395969,15235
17791523,16065
17872407,16229
18037443,16569
18200171,16883
18395397,17289
18454990,17413
18685165,17914
18741594,18039
19786898,20450
19839418,20567
20076098,21133
20128486,21254
20195897,21421
20246122,21535
20318024,21710
20375500,21845
20698046,22629
20757722,22759
21211278,23803
21270170,23936
21719898,24998
21779174,25129
22236468,26183
22294750,26315
22747452,27374
22806185,27506
23257555,28545
23317179,28678
23770236,29733
23892460,30010
23928975,30097
24028055,30305
24083617,30409
24175734,30616
24218672,30707
24340917,30985
24792244,32036
24851224,32168
25169245,32914
25227132,33042
25302359,33220
25345230,33314
25423178,33490
25482376,33622
25807007,34383
25865601,34514
26316985,35576
26374999,35707
26826897,36762
26885316,36894
27147508,37456
27338411,37940
27396722,38071
27847391,39129
27905401,39259
28355916,40300
28415586,40433
28744729,41152
28867390,41479
28925044,41609
29386747,42685
29445717,42817
29513201,42978
29555989,43073
29620694,43218
29681753,43356
30007261,44111
30066003,44243
30517877,45289
30576194,45419
31027633,46481
31085601,46611
31534638,47652
31593533,47784
31794383,48203
32045762,48823
32103806,48954
32555288,50004
32613842,50134
33065364,51199
33124308,51332
33593626,52429
33653198,52561
33726636,52736
33769508,52831
33838931,52989
33898601,53123
34224329,53881
34283364,54014
34743997,55096
34802177,55226
35243622,56255
35302596,56388
35751780,57432
35809744,57562
36265047,58629
36323363,58759
36777812,59822
36837478,59956
37278336,60983
37337585,61117
37816070,62226
37873955,62357
37946773,62529
37989794,62624
38067467,62799
38126677,62933
38452912,63695
38511034,63825
38959201,64863
39018565,64996
39466338,66039
39525238,66169
39974474,67217
40033538,67350
40483428,68401
40541866,68532
40991777,69586
41050051,69718
41500607,70763
41559276,70895
42029583,71998
42087472,72128
42161617,72304
42204244,72399
42282317,72575
42341441,72707
42665888,73470
42724400,73600
43174337,74649
43232889,74781
43679768,75832
43738032,75961
43931360,76365
44185805,76988
44243006,77119
44682837,78172
44740335,78303
45183025,79357
45241149,79490
45477722,80058
45535934,80193
45772021,80756
45828749,80886
45899563,81059
45940963,81153
46014797,81323
46072916,81456
46389952,82220
46448072,82354
46638656,82804
46695545,82934
46893088,83394
46952989,83530
47402361,84581
47463566,84718
47980280,85910
48042315,86045
48562434,87210
48624310,87346
49144713,88521
49206615,88655
49723369,89817
49785750,89953
50124857,90718
50184527,90851
50504859,91601
50558075,91732
50942817,92727
50990027,92856
51308319,93783
51349950,93914
51402262,94089
51431123,94183
51482500,94355
51519255,94480
51722405,95209
51756838,95338
52007527,96331
52038398,96462
52260736,97463
52287654,97591
52488225,98600
52511814,98724
52694972,99737
52716234,99859
52885839,100877
52907492,101011
53064718,102027
53084746,102158
53234300,103181
53252472,103306
53527987,105278
53544913,105405
53641508,106167
53658045,106294
53754716,107064
53771432,107196
53793527,107385
53808370,107501
53962634,108784
53978010,108914
54175965,110677
54190797,110807
54387278,112642
54402041,112772
54595809,114611
54610101,114741
54721265,115815
54735438,115944
54790276,116479
54802719,116593
54939107,117864
54953407,117997
55138355,119815
55152733,119951
55336597,121784
55350769,121920
55532984,123737
55547125,123872
55649071,124864
55663369,125000
55715841,125525
55727577,125628
55862443,126927
55876667,127064
56063160,128903
56077380,129037
56264505,130895
56278806,131032
56465475,132881
56480391,133020
56588536,134071
56603145,134208
56637573,134544
56649707,134649
56792019,135992
56806625,136129
56999848,137986
57014534,138123
57207054,139990
57221660,140126
57413253,141976
57427480,142108
57534053,143127
57548691,143264
57729794,145039
57744017,145177
57921678,146939
57935387,147074
57972876,147458
57985087,147577
58111491,148808
58124934,148944
58292995,150669
58305977,150805
58467906,152538
58480500,152673
58570277,153675
58582329,153810
58747041,155679
58758629,155813
58913448,157684
58924184,157815
59069955,159657
59080152,159789
59108699,160174
59117812,160290
59219449,161620
59229334,161754
59362259,163634
59371520,163768
59440019,164786
59448893,164915
59569576,166752
59577988,166883
59693084,168730
59701146,168860
59810015,170706
59817729,170838
59895589,172200
59902379,172317
59922951,172679
59930352,172811
60031517,174662
60038686,174793
60092157,175799
60099255,175934
60194608,177798
60201411,177929
60293971,179826
60300603,179956
60389696,181823
60396097,181959
60462044,183391
60467822,183513
60485527,183888
60491779,184018
60537282,185041
60543140,185169
60634473,187190
60640411,187320
60729964,189408
60735586,189538
60778998,190531
60784625,190665
60869068,192658
60874617,192791
60936764,194265
60941851,194384
60958317,194777
60963868,194912
61005655,195918
61011129,196051
61092725,198005
61098263,198143
61179772,200139
61185010,200270
61226951,201307
61232346,201436
61309441,203333
61314524,203455
61371882,204873
61376806,204989
61391881,205341
61397199,205470
61439607,206515
61445083,206647
61535884,208820
61541511,208954
61634549,211159
61640175,211284
61684902,212324
61690450,212449
61768717,214228
61774643,214362
61856161,216222
61861864,216341
61922385,217673
61928085,217791
61943856,218120
61950336,218252
61999252,219296
62005647,219426
62094660,221320
62101525,221455
62193482,223334
62200374,223463
62296800,225352
62304141,225486
62403909,227372
62411546,227505
62515976,229402
62523914,229536
62584667,230587
62592781,230719
62614579,231084
62622351,231207
62704344,232527
62712993,232658
62831512,234549
62840850,234685
62965555,236574
62975209,236709
63107421,238617
63117697,238751
63257818,240661
63268554,240793
63350685,241842
63361960,241975
63512691,243867
63524431,244000
63555302,244362
63566430,244485
63685725,245826
63698708,245965
63870268,247866
63883403,248002
64062230,249865
64075910,250001
64263713,251879
64277779,252012
64385059,253029
64399899,253163
64613707,255182
64628631,255317
64840891,257254
64856273,257391
64901170,257799
64915370,257924
65075617,259327
65090996,259465
65306683,261446
65321829,261582
65532945,263554
65547624,263691
65653132,264702
65667425,264837
65877064,266860
65890510,266995
66086516,269032
66099414,269166
66234661,270642
66246013,270765
66284628,271183
66296910,271317
66382603,272303
66394417,272436
66553114,274308
66564619,274446
66717040,276326
66727921,276463
66876943,278393
66887285,278528
66961678,279539
66971710,279673
67095644,281351
67105760,281488
67200979,282838
67209934,282962
67235695,283321
67245352,283456
67365187,285190
67374758,285327
67443724,286348
67453141,286484
67573128,288226
67582470,288362
67702305,290142
67711677,290278
67830256,292047
67839438,292183
67906618,293182
67915727,293315
68030058,295053
68039247,295188
68056022,295444
68064593,295567
68148884,296815
68157917,296947
68272574,298692
68281524,298824
68347157,299832
68355880,299961
68471689,301715
68480657,301849
68594743,303623
68603545,303754
68689453,305072
68697944,305196
68717890,305496
68726770,305627
68791478,306641
68800346,306771
68914830,308549
68923558,308678
69038109,310477
69046828,310608
69161854,312381
69170575,312510
69235509,313529
69244234,313661
69364293,315555
69372868,315683
69450652,316905
69458910,317027
69478940,317328
69487663,317460
69597901,319167
69606464,319295
69670786,320299
69679587,320431
69792079,322159
69800875,322290
69914362,324080
69923162,324211
70035798,325999
70044523,326131
70108220,327142
70116950,327273
70217114,328848
70225294,328969
70250433,329349
70259159,329482
70389073,331523
70397720,331658
70462892,332690
70471619,332821
70586825,334628
70595547,334761
70712525,336632
70721553,336769
70786037,337787
70794601,337922
70930012,340017
70938735,340148
70959694,340485
70967802,340607
71064415,342093
71072986,342226
71135449,343227
71144173,343359
71267657,345362
71276387,345496
71399244,347474
71408041,347612
71530668,349577
71539235,349710
71600993,350700
71609717,350833
71711038,352464
71719062,352586
71743969,352977
71752544,353111
71881433,355202
71889916,355335
72019496,357435
72027985,357568
72091456,358592
72100021,358725
72200645,360358
72209209,360493
72308216,362130
72316546,362263
72414314,363850
72422885,363985
72440431,364273
72448462,364397
72517121,365475
72525688,365610
72586132,366617
72594624,366751
72695336,368391
72703670,368523
72805086,370167
72813566,370304
72917060,372031
72925395,372163
73031983,373915
73040482,374050
73100611,375040
73108946,375168
73180622,376373
73188434,376496
73206350,376781
73214689,376914
73315012,378566
73323372,378700
73424533,380393
73432796,380525
73535903,382231
73544240,382364
73605927,383386
73614421,383523
73718623,385264
73727110,385401
73827665,387091
73835926,387224
73907987,388430
73915704,388555
73933953,388849
73942297,388985
74044478,390700
74052738,390834
74114042,391859
74122303,391995
74224716,393688
74232976,393823
74329124,395426
74337305,395558
74439023,397292
74447669,397432
74548307,399144
74556490,399278
74616712,400287
74625049,400421
74642301,400715
74650089,400840
74722629,402027
74730805,402160
74830753,403847
74839089,403983
74939802,405688
74947828,405818
75048626,407547
75056809,407682
75117350,408720
75125598,408854
75224926,410545
75233034,410680
75331035,412345
75339293,412481
75355298,412761
75362939,412884
75432069,414021
75440320,414158
75538179,415842
75546272,415975
75604627,416971
75612806,417105
75711812,418817
75719911,418952
75817610,420635
75825788,420771
75922709,422432
75930735,422567
76006514,423871
76014096,423996
76031629,424288
76039661,424422
76095462,425393
76103428,425527
76202198,427242
76210301,427376
76308230,429095
76316102,429228
76415968,430949
76423995,431086
76523707,432816
76531658,432950
76589317,433945
76597267,434081
76693266,435748
76701294,435882
76718532,436182
76725942,436305
76793982,437448
76801855,437582
76899002,439264
76906954,439399
77004792,441098
77012744,441232
77070633,442247
77078738,442383
77178369,444160
77186239,444293
77285323,446025
77293193,446154
77312447,446494
77320018,446618
77389828,447796
77397717,447929
77456756,448958
77464709,449090
77555353,450634
77563224,450767
77653555,452334
77661661,452464
77750209,454004
77758317,454136
77820309,455187
77828647,455323
77945542,457292
77954204,457427
78039109,458853
78047130,458976
78069251,459316
78078209,459452
78208725,461562
78217760,461699
78285254,462734
78294595,462867
78427290,464889
78436789,465024
78575073,467015
78585268,467153
78728964,469144
78739542,469277
78847697,470695
78858049,470821
78891129,471223
78902527,471361
78985821,472394
78997490,472527
79152555,474362
79164920,474497
79329578,476347
79342560,476483
79508078,478234
79521759,478368
79712142,480287
79726439,480419
79870524,481821
79884280,481945
79919409,482263
79933942,482393
80045579,483438
80060570,483570
80304771,485783
80320387,485916
80571343,488146
80586566,488278
80833951,490505
80849332,490639
81087657,492797
81102501,492930
81209336,493940
81223714,494073
81263642,494464
81276551,494586
81418773,495934
81432840,496073
81619330,497985
81632313,498122
81807587,500023
81819669,500159
81983601,502046
81995108,502184
82148003,504070
82158586,504203
82235910,505228
82246178,505363
82360907,506914
82369706,507036
82401890,507484
82411623,507619
82557170,509772
82566281,509909
82702838,512035
82711328,512171
82839989,514290
82848011,514426
82907218,515468
82915324,515607
83020760,517500
83028399,517636
83130734,519503
83137832,519637
83157243,519999
83163878,520122
83238650,521536
83245590,521668
83298606,522710
83305470,522846
83390777,524538
83397330,524674
83480228,526392
83486629,526526
83568680,528250
83575233,528388
83624223,529424
83630548,529548
83716461,531420
83722812,531553
83784407,532899
83790330,533026
83816314,533590
83822329,533694
83901827,535433
83908221,535569
83956793,536634
83960330,536699
84044159,538544
84050016,538668
84224669,542479
84230609,542601
84279053,543635
84285375,543755
84370369,545536
84377003,545670
84392383,545980
84398555,546098
84464495,547392
84471225,547521
84563550,549343
84570508,549472
84625213,550508
84632467,550643
84734728,552569
84742291,552704
84848661,554624
84856301,554752
84966925,556682
84975185,556817
85059790,558226
85067741,558351
85089319,558696
85098278,558836
85163606,559868
85172554,560005
85316852,562258
85326439,562395
85481175,564696
85491530,564834
85657882,567136
85668848,567274
85847069,569563
85858804,569701
85946270,570756
85958944,570901
85991902,571282
86003026,571403
86128510,572777
86141146,572912
86323101,574908
86336547,575042
86529228,577025
86543294,577158
86742005,579089
86756932,579226
86963001,581212
86978093,581347
87088605,582374
87103678,582510
87254475,583881
87267612,583996
87313498,584408
87328340,584543
87531008,586411
87545695,586547
87741698,588416
87755762,588550
87945271,590428
87958794,590561
88057250,591571
88070309,591705
88246054,593554
88258336,593684
88425171,595532
88437231,595667
88469490,596053
88479460,596164
88595274,597517
88606626,597650
88758756,599506
88770268,599648
88850002,600673
88860508,600801
89017523,602845
89027795,602976
89176914,604953
89187146,605084
89335601,607079
89345719,607208
89421580,608248
89431773,608379
89465430,608831
89474866,608951
89597255,610558
89607688,610693
89772737,612884
89783237,613018
89951397,615239
89962208,615373
90042253,616404
90053609,616543
90206977,618448
90218336,618583
90376890,620483
90388866,620618
90420825,620988
90432104,621112
90548224,622404
90560740,622540
90735494,624498
90748469,624630
90842071,625626
90855207,625760
91029728,627590
91043243,627723
91238045,629698
91252184,629832
91442812,631734
91456873,631864
91598951,633246
91612009,633368
91648066,633706
91662604,633842
91763419,634826
91777709,634959
91968642,636806
91983172,636942
92171862,638771
92186166,638905
92383832,640817
92398293,640953
92604089,642933
92618546,643069
92719427,644049
92733649,644183
92871788,645537
92885003,645662
92921449,646010
92935288,646142
93123746,647987
93137580,648119
93324961,649973
93338722,650104
93527794,651993
93541319,652125
93643660,653157
93657339,653290
93845093,655189
93858540,655322
94043497,657220
94056868,657355
94092148,657714
94104360,657833
94239070,659195
94252285,659328
94427719,661159
94440933,661299
94535152,662298
94547820,662431
94730385,664384
94742596,664517
94917862,666439
94929680,666572
95096501,668492
95107853,668628
95139655,669020
95149926,669143
95270229,670590
95280886,670723
95357756,671696
95368181,671831
95499554,673567
95509204,673698
95635169,675431
95644431,675561
95765043,677308
95773996,677441
95889732,679198
95898064,679325
95977647,680604
95986518,680740
96005770,681061
96013725,681187
96074257,682208
96082285,682337
96207858,684506
96215592,684636
96336649,686785
96343978,686916
96460719,689065
96467738,689195
96521621,690226
96528706,690360
96621064,692137
96627714,692265
96645400,692634
96652116,692759
96719232,694071
96725863,694199
96821163,696078
96827878,696209
96878090,697236
96884722,697362
97070945,701144
97077733,701271
97168462,703081
97175091,703205
97226799,704218
97233664,704348
97255319,704766
97262035,704891
97350828,706536
97358004,706665
97477376,708939
97484862,709073
97607264,711260
97615283,711396
97674487,712415
97682675,712550
97812879,714744
97821386,714880
97919843,716486
97928027,716607
97955951,717033
97965066,717170
98112098,719447
98121523,719584
98191649,720589
98201458,720725
98356609,722916
98366962,723052
98530954,725265
98541617,725397
98664945,726966
98675293,727089
98700202,727389
98711330,727520
98791063,728508
98802334,728637
98985035,730848
98996619,730974
99187998,733200
99199915,733327
99392746,735500
99404800,735626
99503105,736717
99515468,736845
99555700,737292
99567523,737413
99685651,738647
99698016,738775
99858572,740519
99870938,740645
100031667,742363
100044105,742489
100204750,744222
100217423,744350
100313642,745389
100326316,745516
100358430,745860
100369865,745978
100502950,747340
100515620,747465
100674952,749182
100687720,749313
100851300,751079
100864820,751212
101041195,752957
101055794,753088
101170518,754142
101186147,754274
101269434,754981
101279476,755058
101370348,755795
101381165,755875
101476682,756613
101487808,756691
101587508,757396
101630299,757671
101730693,758319
101758389,758481
101804808,758763
101827161,758891
102023167,759998
102050240,760130
102285505,761276
102317227,761403
102608087,762577
102649573,762706
102752446,763026
102812024,763188
102908781,763453
102959709,763581
103503461,764886
103587427,765015
104312832,766076
104407733,766156
105928070,767403
106141166,767482
108956832,768496
109256713,768575
112316689,769407
112966216,769574
115359867,770214
116488294,770494
119571671,771265
119890181,771342
122933777,772117
123218113,772193
125506906,772845
125693198,772922
127164190,773575
127281792,773651
128203600,774297
128388469,774460
129061235,775113
129133576,775191
129763107,775912
129825469,775989
130388922,776726
130445728,776804
130971148,777568
131022674,777647
131515914,778435
131563168,778512
131990470,779252
132085134,779418
132466934,780107
132522032,780207
132540408,780244
132593934,780343
132975318,781081
133040448,781206
133396819,781934
133459198,782061
133799783,782765
133858980,782890
134186909,783606
134245415,783732
134545478,784403
134618382,784568
134926268,785273
134980817,785398
135289212,786139
135344260,786267
135662578,787029
135721550,787156
136092224,787966
136163511,788096
136630437,788934
136721356,789063
137253990,789809
137384381,789973
137899749,790642
137980299,790744
138001697,790777
138079965,790880
138648969,791671
138704340,791749
139248433,792550
139301282,792627
139801632,793405
139852510,793483
140342780,794271
140392584,794350
140828943,795071
140927494,795234
141074975,795485
141149533,795612
141607555,796404
141681133,796533
142121958,797329
142193510,797458
142624514,798254
142693405,798381
143111162,799169
143178959,799297
143586346,800102
143672347,800268
143995254,800919
144140494,801199
144473389,801876
144510756,801954
144850235,802685
144883574,802760
145190147,803486
145221717,803565
145505833,804302
145534762,804379
145788898,805077
145848349,805239
146116059,806005
146144759,806082
146428447,806882
146457611,806959
146738354,807751
146809799,807942
146858243,808083
146941847,808295
146990727,808399
147088273,808823
147091257,808831
147096656,808845
147338947,809462
147448665,809758
147567326,810093
147671990,810377
147729567,810540
147818275,810783
148143758,811678
148232386,811922
148558690,812817
148648093,813060
148973896,813966
149015549,814079
149386559,815125
149432601,815250
149644652,815848
149704477,816010
149863339,816450
149906983,816569
150274420,817628
150364525,817876
150443627,818100
150536522,818330
150580989,818428
150660640,818737
150691271,818819
150781148,819064
151108435,819986
151195990,820233
151500576,821057
151528417,821150
151623163,821388
151657276,821470
151827866,821917
152138213,822771
152241173,823050
152465270,823666
152535708,823857
152777249,824525
152846281,824706
153090961,825380
153113314,825423
153386615,826187
153445878,826349
153655425,826943
154160098,828238
154486015,829081
154533740,829210
154902973,830249
154950074,830377
155232150,831163
155259837,831239
155538928,832015
155600303,832178
155741035,832566
155769277,832643
155921632,833067
155969454,833195
156343354,834230
156390134,834355
156684760,835144
156716601,835220
157065866,836068
157103383,836144
157499103,836959
157602083,837129
158011890,837803
158074474,837881
158735779,838724
158884889,838822
162241268,840211

